 % TITU                                                                       
 % ****   Sistema teste de 14 BARRAS - IEEE  ****                             
 %2: Ref, 1: PV, 0: PQ
 DBAR = [
   1 2 1 1.060    .0      .0      .0  -9999.  99999.      .0      .0      .0
   2 1 1 1.045    .0    40.0      .0   -40.0    50.0    21.7    12.7      .0
   3 1 1 1.010    .0      .0      .0      .0    40.0    94.2    19.0      .0
   4 0 2 1.000    .0      .0      .0      .0      .0    47.8    -3.9      .0
   5 0 2 1.000    .0      .0      .0      .0      .0     7.6     1.6      .0
   6 1 1 1.070    .0      .0      .0    -6.0    24.0    11.2     7.5      .0
   7 0 2 1.000    .0      .0      .0      .0      .0      .0      .0      .0
   8 1 1 1.090    .0      .0      .0    -6.0    24.0      .0      .0      .0
   9 0 2 1.000    .0      .0      .0      .0      .0    30.0    16.6    19.0
  10 0 2 1.000    .0      .0      .0      .0      .0     9.0     5.8      .0
  11 0 2 1.000    .0      .0      .0      .0      .0     3.5     1.8      .0
  12 0 2 1.000    .0      .0      .0      .0      .0     6.1     1.6      .0
  13 0 2 1.000    .0      .0      .0      .0      .0    13.5     5.8      .0
  14 0 2 1.000    .0      .0      .0      .0      .0    14.9     5.0      .0
                                                                              ];

 
DLIN = [
   1    2    1.938    5.917    5.280     .000     .000     .000    .0   150.0 210.0   350.2   
   1    5    5.403   22.304    4.920     .000     .000     .000    .0    75.0 100.0   180.0
   2    3    4.699   19.797    4.380     .000     .000     .000    .0   100.0 100.0   215.0
   2    4    5.811   17.632    3.740     .000     .000     .000    .0   100.0 100.0   215.0
   2    5    5.695   17.388    3.400     .000     .000     .000    .0   100.0 100.0   215.0
   3    4    6.701   17.103    3.460     .000     .000     .000    .0   100.0 100.0   215.0
   4    5    1.335    4.211    1.280     .000     .000     .000    .0   250.0 250.0   328.0
   4    7     .000   20.912     .000    1.000     .000     .000    .0    50.0  50.0   142.0
   4    9     .000   55.618     .000    1.000     .000     .000    .0    25.0  25.0   136.0
  % 4    9     .000   55.618     .000    1.000     .000     .000    .0    25.0  25.0   136.0 % inv
   5    6     .000   25.202     .000    1.000     .000     .000    .0    50.0  50.0   185.0
   6   11    9.498   19.890     .000     .000     .000     .000    .0    55.0  55.0   179.0
   6   12   12.291   25.581     .000     .000     .000     .000    .0    50.0  50.0   168.0
   6   13    6.615   13.027     .000     .000     .000     .000    .0   100.0 100.0   108.0
   7    8     .000   17.615     .000     .000     .000     .000    .0   100.0 100.0   136.0
   7    9     .000   11.001     .000     .000     .000     .000    .0   100.0 100.0   110.0
   9   10    3.181    8.450     .000     .000     .000     .000    .0   150.0 150.0   136.0
   9   14   12.711   27.038     .000     .000     .000     .000    .0    60.0  60.0   111.0
  10   11    8.205   19.207     .000     .000     .000     .000    .0   100.0 100.0   100.0
  12   13   22.092   19.988     .000     .000     .000     .000    .0   100.0 100.0   123.0
  13   14   17.093   34.802     .000     .000     .000     .000    .0    50.0  50.0   121.0
                                                                                 ];

 % DARE                                                                       
 %    1        .0     *************  AREA 1:CERACAO ******     .0    1.0      
 %    2        .0     *************  AREA 2:CARGA  *******     .0    1.0      
 % 9999                                                                       
 
 DTEN = [
 1   .990  1.040
 2   .980  1.050
                ];

 % FIM                                                                        
 
 DGER = [
   1     .0  500.0   10.0
   2     .0  500.0   25.0
   3     .0  100.0   400.0
   6     .0  100.0   400.0
   8     .0  100.0   400.0
                          ];

